 9
 8
  7
  9
   8
    9
    9
     9
     8
      9
     8
      7
       7
     9
      9
       7
      8
        7
        8
          6
            7
            6
             9
              6
               8
                 7
                 8
                  9
                   7
                    5
                    8
                     9
                     8
                      9
                      5
                       5
                       7
                        9
                           6
                            7
                             7
                            7
                             6
                              7
                              8
                               10
                                5
                                9
                                 7
                                 4
                                  6
                                  9
                                   10
                                    9
                                    10
                                     10
                                      7
                                      6
                                       6
                                        10
                                          10
                                             9
                                             5
                                              9
                                              3